# This file just contains the frequency information for H4C
start: 46920776.3671875
end:   234298706.0546875
delta: 122070.3125